0.6656421193604871
0.9282251190062927
0.3072081341169933
0.08555271755668126
0.40167518156821735
0.061719596084320205
0.8852298806701093
0.4793264237053434
0.7153601099464569
0.42848357347954724
0.8129166789680224
0.22552837475604892
0.2752507536814698
0.7944287135746413
0.9657502651051332
0.7191231930429203
0.6460429115134039
0.426968784215324
0.3677047281431769
0.7204885412565427
0.44470231104542446
0.36567393745233423
0.39404740484991607
0.3754470250100259
0.09882081402016563
0.14519732085480275
0.7513156573423189
0.571426961437976
0.4124123651357341
0.4794456126936171
0.9370326818777878
0.8710069675646265
0.08503921353134114
0.14581693188864908
0.015137605190236325
0.9149052118208273
0.4290160278271241
0.9974656823695977
0.7973650763739282
0.6140056611895062
0.9298795130699817
0.1387518458901107
0.3762645793937176
0.6841356313870262
0.10989347756266621
0.49893963152583143
0.026068229988792768
0.5928619541497112
0.8000604932040968
0.4375651817922239
0.37509071349623957
0.13028207459894714
0.0100590055289701
0.5457642685487137
0.5318594687216779
0.7620010741979173
0.33544962597538575
0.7312612652140207
0.8996356896863509
0.9369846685918404
0.20737557019533537
0.3418109897704109
0.5802700140576638
0.33495610109799456
0.3518814091410518
0.47728136593522263
0.34202453803673694
0.8943585348375557
0.15301629211313728
0.3206932853847796
0.5772032870954792
0.9531827074204319
0.3077133276616578
0.6938237761409555
0.684690510609161
0.804582764807288
0.6523640661935832
0.22599331638875542
0.3818337903970801
0.09660330306526532
0.0986435002676791
0.3288952689785858
0.9147159369066743
0.3518265419608392
0.1167008277620355
0.2078202920288319
0.8907164627276267
0.2314459378320446
0.1678056712821745
0.18233165868759638
0.42226501901658975
0.5761202223395978
0.8212174940336823
0.4160327470321179
0.8354800497906267
0.35100367667211696
0.14001961129192153
0.20617503381036972
0.8185953147264101
0.07770477729234893
